1 1 500 400
1 1 256 400
1 65 500 320
1 65 256 320
193 1 448 400
257 1 500 256
161 1 416 256
97 1 352 400
129 97 384 352
257 97 500 352
65 97 192 352
369 129 496 384
33 1 160 400
81 1 208 400
17 65 144 320
369 1 496 400
113 65 240 320
337 33 464 288
1 65 500 192
1 161 500 288
1 145 256 272
65 1 192 256
1 81 256 208
1 113 500 240
1 209 256 336
257 1 384 400
129 1 256 400
257 1 384 256
321 1 448 400
1 209 500 336
1 17 500 144
161 97 224 224
81 81 208 208
137 65 200 192
33 209 96 336
417 97 480 224
273 97 400 352
89 209 152 336
161 129 288 384
33 209 160 336
433 145 496 272
129 161 192 288
81 209 208 336
369 145 496 272
17 145 144 272
97 145 224 272
57 65 120 192
129 17 384 144
33 81 160 208
25 145 88 272
321 129 448 384
161 97 416 224
353 97 480 224
257 113 500 240
57 209 120 336
9 193 72 320
153 209 216 336
417 129 480 192
433 169 496 232
129 241 192 368
393 81 456 208
73 225 136 288
113 65 176 192
97 217 160 280
161 193 416 320
177 33 304 288
65 33 192 160
409 105 472 168
129 241 192 304
73 161 136 288
49 217 112 280
17 209 80 272
257 33 500 160
177 1 304 400
89 81 152 208
369 225 496 352
433 225 496 352
1 257 500 384
33 81 96 208
49 161 112 288
33 33 288 160
169 161 232 288
97 161 160 288
137 209 200 272
161 113 224 176
401 145 464 272
181 129 212 256
129 57 192 120
453 145 484 272
425 81 456 208
321 49 448 176
121 217 152 280
145 81 208 144
161 193 288 320
465 177 496 304
393 81 456 144
25 241 88 304
437 97 468 224
409 161 472 224
105 241 168 304
433 193 496 256
9 241 72 368
121 209 152 336
129 241 256 368
257 161 500 288
421 113 452 176
129 81 256 208
57 57 120 120
49 225 176 288
153 241 216 304
61 217 92 280
161 137 224 200
49 241 112 304
173 193 204 320
453 185 484 248
425 89 456 152
177 129 208 192
129 17 192 144
433 241 496 304
137 97 200 352
1 145 64 272
161 65 192 192
129 113 192 240
1 257 256 384
85 217 116 280
97 241 352 368
73 17 136 144
73 249 136 312
321 1 448 128
73 201 136 264
97 17 160 144
189 105 220 168
457 161 488 224
17 153 80 216
1 209 128 272
433 137 464 200
173 65 204 192
41 97 104 160
321 145 448 272
177 81 208 144
25 121 88 184
97 217 224 280
369 273 496 400
129 105 192 168
161 145 416 272
17 257 144 384
161 209 224 272
177 201 208 264
169 89 232 152
113 97 176 352
65 209 96 336
469 225 500 288
33 65 96 320
97 241 224 304
417 65 480 320
65 257 192 384
177 209 240 336
169 185 232 248
377 33 440 160
73 97 136 352
225 1 352 128
105 217 136 280
81 97 208 160
161 65 224 320
345 257 408 384
121 265 184 328
65 57 192 120
437 113 468 176
29 129 60 256
41 209 72 272
369 153 496 216
145 129 272 256
469 185 500 248
165 241 196 304
409 193 472 320
433 33 496 160
433 217 496 280
161 49 224 176
25 201 56 264
137 153 200 216
161 209 192 336
329 193 392 320
385 121 448 184
185 81 216 208
137 129 200 192
169 113 200 240
37 193 68 320
305 273 432 400
161 89 192 152
73 233 104 296
1 233 128 296
141 249 172 312
1 185 64 248
53 209 84 336
41 145 72 272
313 145 376 272
109 241 140 304
305 97 432 224
97 121 224 184
157 65 188 128
97 153 224 216
289 81 352 208
161 17 288 144
77 209 108 336
25 193 56 320
73 137 136 200
353 113 480 176
433 273 496 400
17 145 48 272
289 209 416 336
137 241 168 368
177 105 208 168
165 113 196 176
225 257 480 384
401 209 464 272
193 161 256 288
177 249 208 312
161 209 192 272
113 33 240 160
17 33 144 160
417 81 480 144
61 65 92 192
65 97 128 160
117 65 148 192
257 49 384 176
129 185 192 248
385 57 448 120
1 241 64 304
81 57 144 120
97 65 128 192
153 257 216 384
61 65 92 128
17 153 144 216
9 81 72 208
45 249 76 312
445 137 476 200
49 249 176 312
97 209 128 336
433 289 496 352
393 33 456 288
33 265 96 328
1 129 64 384
81 65 112 192
257 129 384 256
369 185 496 248
425 57 488 120
445 161 476 224
105 57 168 120
437 89 468 152
97 265 160 328
49 201 176 264
133 225 164 288
273 1 400 128
149 65 180 192
97 97 160 160
73 209 104 272
353 89 480 152
121 1 184 256
49 193 112 256
321 49 384 176
129 81 160 208
49 137 112 200
69 145 100 272
145 1 208 400
453 209 484 272
153 233 184 296
177 81 304 208
117 161 148 288
437 145 468 272
353 17 416 144
281 17 344 144
185 113 248 240
257 209 500 336
49 65 80 192
109 209 140 336
97 193 224 256
153 161 184 288
369 49 496 176
149 209 180 336
189 129 220 192
145 265 208 328
97 121 160 184
369 1 496 128
441 209 472 272
141 161 172 288
225 97 352 352
61 241 92 304
177 233 240 296
401 33 464 160
185 177 216 240
105 257 168 384
385 145 448 208
93 161 124 288
369 209 496 272
33 97 160 160
369 241 496 304
413 65 444 128
185 129 248 192
121 241 152 304
1 121 64 184
413 89 444 152
469 161 500 224
377 145 440 272
145 209 176 272
97 153 160 216
73 257 136 384
25 177 88 240
57 1 120 256
121 81 184 144
25 145 56 208
161 161 224 224
29 121 60 184
145 129 272 192
369 81 432 208
433 105 496 168
369 97 432 160
457 137 488 200
185 209 216 336
193 129 224 256
49 17 112 144
1 257 128 320
13 201 44 264
105 145 136 272
89 1 152 256
65 113 128 240
409 129 440 192
129 161 160 288
433 265 496 328
337 97 400 224
53 161 84 288
369 1 432 256
425 1 488 400
157 113 188 240
93 241 124 304
329 1 392 128
449 97 480 224
33 65 96 128
401 185 464 248
81 145 112 272
145 81 272 144
193 193 256 256
353 313 416 376
1 121 128 184
453 193 484 320
185 97 248 352
425 157 488 188
425 65 456 128
41 121 72 184
413 97 444 224
449 113 480 176
41 257 104 384
97 217 160 248
177 225 208 288
73 253 136 284
105 1 168 400
425 161 456 288
57 273 120 336
193 145 320 272
129 249 192 280
153 209 216 240
49 89 80 152
197 193 228 320
421 169 452 232
33 241 64 304
9 137 40 200
433 173 496 204
345 281 408 344
321 137 448 200
257 1 320 128
185 65 248 192
57 1 120 400
1 185 128 248
437 49 468 176
169 65 232 128
17 65 144 128
409 117 472 148
13 177 44 240
337 65 464 128
329 201 392 264
17 89 80 152
321 129 384 384
337 1 400 256
305 1 368 128
129 265 160 328
453 241 484 368
353 177 416 304
421 137 452 200
377 129 440 384
105 253 168 284
33 253 96 284
385 1 448 64
73 241 136 272
433 185 496 216
409 233 472 296
465 113 496 240
17 241 48 304
289 9 416 72
17 33 80 160
289 97 352 160
13 193 44 320
337 249 400 312
289 1 352 256
73 177 136 240
417 141 480 172
433 161 464 224
17 221 80 252
337 17 400 80
313 177 376 240
369 265 496 328
29 241 60 368
409 129 472 160
1 153 256 216
97 265 224 328
441 185 472 248
173 241 204 368
109 17 140 144
401 105 464 136
25 177 56 240
329 225 392 288
469 273 500 400
97 193 160 256
185 153 216 216
145 209 272 272
73 229 136 260
321 89 384 152
141 57 172 120
153 17 184 144
437 193 468 320
305 137 368 200
97 237 160 268
165 185 196 248
17 209 80 240
273 1 336 64
409 1 472 64
93 97 124 160
33 237 96 268
377 1 440 400
313 97 376 224
401 1 464 400
57 217 120 248
153 149 216 180
449 233 480 296
377 33 440 96
377 321 440 384
41 241 72 368
469 297 500 360
73 57 104 120
33 1 96 400
377 257 440 384
129 205 192 236
113 57 144 120
129 17 160 144
321 41 448 104
281 73 344 136
69 17 100 144
137 221 200 252
193 161 256 224
9 65 72 128
177 241 304 368
413 49 444 176
161 153 192 216
461 249 492 312
401 93 464 124
169 121 232 152
181 137 212 168
81 1 144 400
97 17 128 144
425 33 456 160
61 193 92 256
49 273 176 336
57 265 88 328
313 1 376 64
297 33 360 96
145 101 208 132
145 233 272 296
197 185 228 248
17 157 80 188
169 137 232 168
125 57 156 120
433 197 496 228
161 185 288 248
153 249 216 280
177 265 240 328
145 89 208 120
85 57 116 120
417 33 480 96
177 113 192 176
465 225 496 352
137 253 168 284
29 209 60 240
329 113 392 176
101 57 132 120
433 313 496 376
233 1 296 64
313 65 376 128
345 129 408 384
313 33 376 288
49 253 80 284
81 17 112 144
145 261 208 292
353 41 416 104
193 125 224 156
97 265 160 296
93 217 108 280
129 33 192 96
9 265 72 328
117 97 148 160
429 105 460 136
25 81 56 208
141 17 172 144
125 253 156 284
49 121 176 184
101 137 132 200
393 77 456 108
121 217 152 248
9 33 72 288
441 89 456 152
49 141 112 172
161 205 192 236
321 337 448 400
421 129 452 160
453 185 484 216
109 253 140 284
177 205 208 236
77 137 108 200
469 193 500 224
1 97 256 160
177 93 208 124
461 169 492 200
471 161 486 224
305 1 368 400
409 169 472 200
73 253 104 284
129 61 192 92
165 249 196 280
429 201 460 264
441 125 472 156
121 265 184 296
401 97 432 160
177 113 208 144
9 97 40 224
305 113 432 176
1 209 256 272
425 93 456 124
437 149 468 180
369 289 432 352
129 233 192 264
425 117 456 148
241 177 368 304
121 101 184 132
369 289 496 352
61 253 92 284
105 241 136 272
153 197 216 228
465 181 496 212
93 193 124 256
469 225 500 256
129 141 192 172
353 337 416 400
97 253 128 284
189 233 220 296
149 253 180 284
433 217 496 248
9 249 72 280
107 217 122 280
177 149 208 180
41 213 72 244
49 101 112 132
37 153 68 216
457 157 488 188
85 253 116 284
37 253 68 284
177 125 208 156
17 241 48 368
321 169 448 232
377 193 440 320
257 257 384 384
369 25 496 88
353 185 416 248
433 117 496 148
105 33 168 96
61 217 92 248
361 257 424 320
177 253 208 284
445 137 476 168
441 161 472 192
1 57 256 120
465 145 480 208
417 77 448 108
193 137 256 168
447 105 462 168
87 217 102 280
57 265 120 296
101 217 116 280
73 141 136 172
479 177 494 240
33 265 96 296
453 197 484 228
393 141 456 172
161 101 192 132
435 105 450 168
161 217 192 248
425 97 488 128
385 273 416 400
177 197 240 228
201 105 264 168
145 105 272 168
181 17 212 144
1 141 64 172
149 97 180 160
409 153 440 216
77 241 108 272
73 33 136 96
153 257 184 320
9 1 72 400
361 73 424 136
89 121 120 184
61 241 92 272
105 193 136 256
305 89 432 152
169 93 232 124
13 201 44 232
81 217 96 280
121 193 152 256
183 129 198 192
425 229 488 260
117 241 148 272
177 57 208 120
417 77 480 108
169 1 232 128
105 89 136 152
25 137 56 168
89 241 120 272
345 153 408 216
165 265 196 328
29 149 60 180
9 265 72 296
197 81 228 208
169 109 232 140
175 241 190 304
273 25 336 88
435 81 450 144
413 97 444 128
53 113 84 240
441 65 472 128
73 257 104 320
45 185 76 248
117 265 148 328
97 101 160 132
129 265 160 296
433 1 496 64
353 225 416 288
117 121 148 184
73 205 136 236
37 81 68 208
353 1 416 400
469 245 500 276
25 141 88 172
177 81 208 112
433 129 496 160
117 209 132 272
149 137 180 200
393 153 456 184
421 141 452 172
185 1 248 256
461 169 476 232
321 241 384 368
121 153 152 216
29 201 44 264
169 41 232 104
69 217 84 280
49 81 112 112
377 89 440 120
185 1 248 400
169 209 184 272
413 145 444 272
433 245 496 276
189 149 220 180
25 249 56 280
17 113 48 176
453 209 484 240
145 217 176 248
41 225 72 256
33 217 160 248
9 233 72 264
449 173 480 204
401 81 432 208
165 113 196 144
189 113 220 144
281 1 344 400
85 229 116 260
161 265 192 296
177 149 240 180
199 105 214 168
265 1 328 256
305 273 432 336
321 81 352 208
153 237 216 268
197 209 228 272
131 217 146 280
13 141 44 172
193 137 224 168
33 257 160 288
145 265 272 328
65 137 96 200
373 225 404 352
173 89 188 152
181 193 212 224
65 97 96 160
417 157 448 188
145 57 272 120
133 153 164 216
161 141 192 172
145 113 208 144
225 25 352 88
369 1 496 64
329 1 392 400
389 321 420 384
449 49 480 176
449 233 480 264
41 205 104 236
1 197 64 228
169 261 232 292
141 229 172 260
93 213 124 244
433 269 496 300
137 217 152 280
17 125 80 156
401 189 464 220
413 113 444 144
441 113 472 144
161 65 192 96
265 49 328 112
129 89 160 152
17 217 48 248
193 81 256 144
413 41 444 104
175 201 190 264
469 273 500 336
289 217 416 280
161 89 192 120
73 101 136 132
145 269 176 300
201 129 232 192
17 41 80 104
65 237 192 268
177 217 208 248
33 233 288 296
459 129 474 192
61 265 92 296
469 185 484 248
209 1 336 64
45 241 76 272
417 65 480 96
97 225 128 256
341 161 372 288
137 241 152 304
53 101 84 132
57 65 120 96
105 101 136 132
433 137 464 168
125 229 156 260
97 249 224 280
401 273 464 400
377 117 440 148
161 257 192 384
49 177 176 240
137 77 200 108
53 137 84 200
429 97 444 160
1 129 256 192
81 97 112 160
93 113 124 240
357 225 388 352
65 33 192 96
433 301 496 332
465 213 496 244
129 157 192 188
455 153 470 216
193 121 208 184
173 265 204 296
77 141 108 172
357 177 388 304
165 125 196 156
257 89 500 152
401 205 464 236
1 65 500 128
145 161 272 224
41 141 72 172
289 65 416 128
141 185 172 248
233 1 296 128
25 125 56 156
73 213 104 244
305 305 432 368
1 177 256 240
141 205 172 236
59 233 74 296
141 241 172 272
377 65 440 96
129 241 160 272
437 205 468 236
145 125 208 156
453 113 468 176
117 265 148 296
1 209 500 272
429 81 460 112
73 157 136 188
413 1 444 128
177 249 240 280
401 225 464 256
49 157 112 188
79 241 94 304
119 233 134 296
429 161 460 192
17 85 80 116
433 1 496 32
471 209 486 272
241 65 368 128
377 129 440 160
97 157 160 188
57 85 88 116
457 145 488 176
441 185 472 216
147 249 162 312
97 221 224 252
461 217 476 280
153 181 216 212
437 93 468 124
441 121 456 184
181 249 196 312
329 129 360 256
149 257 180 384
445 221 476 252
429 73 444 136
409 137 440 168
257 97 384 160
129 81 384 144
167 233 182 296
377 101 440 132
45 121 60 184
109 217 140 248
169 81 232 112
181 193 196 256
485 193 500 256
429 173 460 204
17 245 144 276
177 241 208 272
121 101 152 132
73 265 104 296
105 205 168 236
369 145 432 176
165 153 196 184
63 65 78 128
1 121 500 184
433 313 496 344
177 209 240 240
25 197 56 228
171 57 186 120
273 161 400 224
169 69 232 100
29 221 60 252
405 125 436 156
121 89 184 120
427 137 442 200
189 97 204 160
17 233 144 264
183 73 198 136
149 101 180 132
321 193 448 256
405 153 436 184
41 265 72 296
423 113 438 176
25 261 56 292
181 217 196 280
33 121 48 184
17 177 80 208
145 113 176 240
39 209 54 272
433 289 496 320
81 101 208 132
65 61 192 92
177 237 240 268
97 157 224 188
97 141 160 172
153 161 216 192
161 221 224 252
273 185 400 248
455 177 470 240
113 233 128 296
353 321 416 352
57 81 72 144
163 209 178 272
361 349 424 380
289 241 416 304
143 225 158 288
1 257 256 320
113 209 240 240
1 157 128 188
113 125 240 156
433 257 496 288
177 257 240 384
409 241 472 272
97 89 224 120
345 289 408 320
81 57 144 88
105 57 168 88
369 149 496 180
463 193 478 256
193 185 256 216
25 97 88 128
257 177 500 240
429 65 460 320
125 257 156 384
165 97 196 352
265 65 328 192
89 89 152 120
75 209 90 272
369 181 496 212
105 257 136 384
33 101 160 132
193 145 320 208
191 177 206 240
353 89 480 120
465 129 496 384
273 33 400 96
1 153 500 216
113 97 144 352
289 97 352 352
317 33 348 160
189 257 204 320
101 241 116 304
97 265 224 296
137 97 168 352
353 105 480 136
177 97 208 352
447 129 462 192
449 193 464 256
125 217 140 280
477 217 492 280
97 141 224 172
441 1 472 128
89 241 104 304
149 97 180 352
95 241 110 304
57 209 72 272
145 33 272 96
73 97 104 352
353 117 480 148
201 145 216 208
369 1 400 128
93 97 124 352
353 137 480 168
125 97 156 352
445 65 476 320
485 225 500 288
129 121 384 184
309 81 340 208
369 337 496 400
455 209 470 272
23 201 38 264
39 137 54 200
61 97 92 352
353 169 480 200
209 65 272 320
369 209 496 240
353 193 480 224
129 57 384 120
423 73 438 136
125 241 140 304
205 121 220 184
45 209 60 272
193 97 320 160
1 185 500 248
369 229 496 260
129 193 384 256
467 233 482 296
187 217 202 280
369 313 496 376
65 249 80 312
297 1 328 128
257 153 500 216
145 141 272 172
1 205 128 236
129 33 384 96
289 129 352 256
145 93 272 124
419 137 434 200
257 113 500 176
63 209 78 272
171 113 186 176
241 1 304 256
49 269 176 300
401 33 432 160
439 145 454 208
183 105 198 168
49 97 80 352
447 169 462 232
5 145 36 272
69 57 84 120
107 241 122 304
1 41 500 104
65 205 192 236
25 129 56 384
157 249 172 312
27 177 42 240
257 121 384 184
175 137 190 200
195 233 210 296
23 121 38 184
333 49 364 176
113 233 240 264
97 113 224 144
51 209 66 272
433 153 448 216
1 97 500 160
205 145 236 272
161 145 416 208
177 65 192 128
369 273 400 400
53 249 68 312
369 261 496 292
33 89 160 120
257 25 500 88
1 269 128 300
381 33 412 160
431 49 446 112
37 97 68 352
201 201 216 264
369 241 496 272
1 233 500 296
1 145 128 176
417 33 448 288
17 177 32 240
31 225 46 288
123 57 138 120
51 121 66 184
433 129 448 192
161 169 416 232
175 177 190 240
369 273 496 304
189 97 220 352
109 129 124 192
191 145 206 208
25 233 40 296
131 257 146 320
161 201 288 232
97 77 224 108
321 73 448 104
49 73 176 104
305 133 432 164
209 1 272 400
165 65 180 128
113 197 240 228
37 241 52 304
73 241 88 304
49 149 176 180
145 81 272 112
25 145 40 208
257 1 320 400
97 289 224 352
145 69 272 100
157 217 172 280
305 193 368 320
93 193 108 256
193 121 320 184
485 281 500 344
29 205 44 236
149 253 164 284
289 13 416 44
175 205 190 236
189 137 204 168
193 209 320 272
149 57 164 120
179 249 194 280
181 197 196 228
145 109 272 140
429 109 444 140
423 133 438 164
139 253 154 284
53 253 68 284
181 137 196 168
321 149 448 180
175 109 190 140
61 257 76 288
81 237 96 268
39 209 54 240
33 137 48 168
433 121 448 152
457 177 472 208
77 253 92 284
179 125 194 156
115 253 130 284
119 237 134 268
121 253 136 284
165 209 180 240
135 217 150 248
107 253 122 284
85 253 100 284
437 89 452 120
461 189 476 220
101 253 116 284
451 201 466 232
429 145 444 176
429 73 444 104
93 237 108 268
105 241 120 272
451 117 466 148
195 141 210 172
23 133 38 164
463 153 478 184
185 149 200 180
1 125 128 156
435 133 450 164
481 189 496 220
445 105 460 136
43 141 58 172
99 241 114 272
93 253 108 284
467 205 482 236
173 97 188 128
169 249 184 280
111 241 126 272
53 217 68 248
471 165 486 196
431 157 446 188
23 145 38 176
459 137 474 168
145 265 160 296
65 217 80 248
185 125 200 156
321 345 448 376
475 181 490 212
181 73 196 104
419 121 434 152
175 137 190 168
87 241 102 272
33 149 48 180
199 101 214 132
201 145 216 176
463 237 478 268
45 213 60 244
155 253 170 284
107 229 122 260
127 253 142 284
163 253 178 284
1 25 128 88
427 97 442 128
53 101 68 132
443 125 458 156
453 165 468 196
289 33 416 64
189 109 204 140
167 101 182 132
177 121 304 152
445 189 460 220
67 261 82 292
207 133 222 164
117 217 132 248
189 257 204 288
59 85 74 116
133 257 148 288
33 217 48 248
89 225 104 256
173 65 188 96
435 77 450 108
459 221 474 252
173 265 188 296
73 265 88 296
103 217 118 248
71 245 86 276
101 229 116 260
485 249 500 280
181 261 196 292
27 245 42 276
61 245 76 276
113 101 128 132
475 197 490 228
191 125 206 156
91 141 106 172
181 209 196 240
91 213 106 244
23 197 38 228
159 213 174 244
441 145 456 176
109 217 124 248
471 221 486 252
97 213 112 244
435 109 450 140
155 269 170 300
423 85 438 116
485 201 500 232
203 201 218 232
143 237 158 268
177 149 192 180
33 125 48 156
191 205 206 236
161 233 288 264
369 289 496 320
1 177 128 208
145 253 272 284
1 281 128 344
109 1 140 256
113 181 240 212
257 1 500 64
149 1 180 256
125 1 156 256
129 249 384 312
457 33 488 288
185 257 216 384
53 257 84 384
257 65 500 128
257 265 500 328
369 305 496 336
177 1 208 256
137 1 168 256
1 193 128 224
369 17 496 48
161 1 192 256
153 217 216 232
177 169 304 200
145 153 272 184
305 121 432 152
169 17 200 144
233 1 296 400
305 85 432 116
179 113 194 240
97 169 224 200
65 1 96 256
97 219 160 234
13 129 44 384
193 133 320 164
409 117 472 132
129 221 192 236
97 1 128 256
273 1 400 32
257 201 500 264
85 1 116 256
97 273 352 336
153 265 216 280
73 241 136 256
433 183 496 198
305 45 432 76
129 215 192 230
89 225 152 240
433 171 496 186
41 219 104 234
369 29 496 60
73 249 136 264
441 81 456 208
417 159 480 174
17 223 80 238
425 165 488 180
61 255 92 270
165 119 196 134
185 197 216 212
129 271 160 286
425 153 456 168
453 207 484 222
181 265 212 280
65 241 96 256
25 249 56 264
165 223 196 238
101 267 132 282
89 225 120 240
45 245 76 260
193 121 224 136
137 261 168 276
467 145 482 272
469 1 500 128
49 247 112 262
177 87 208 102
81 257 112 384
441 173 472 188
165 127 196 142
249 129 312 384
137 255 168 270
49 255 80 270
169 135 232 150
41 261 72 276
321 361 448 392
449 179 480 194
161 151 192 166
413 97 444 112
25 141 56 156
17 215 80 230
469 205 500 220
77 247 108 262
425 77 456 92
421 111 452 126
81 49 208 80
353 1 480 32
41 225 72 240
49 267 112 282
305 57 432 88
401 97 464 112
409 111 472 126
417 103 448 118
113 247 176 262
85 103 116 118
29 157 60 172
13 147 44 162
145 221 272 252
165 113 196 128
153 211 216 226
97 265 160 280
437 159 468 174
161 97 192 112
1 257 500 320
17 135 48 150
137 253 200 268
125 243 156 258
125 237 156 252
369 365 496 396
97 235 128 250
13 201 44 216
105 103 136 118
409 123 472 138
113 267 144 282
153 211 184 226
433 177 496 192
49 231 112 246
89 257 152 272
193 147 224 162
61 219 92 234
153 223 216 238
469 239 500 254
41 219 72 234
65 267 96 282
177 221 208 236
73 259 104 274
29 151 60 166
453 201 484 216
121 263 184 278
421 143 452 158
445 139 476 154
73 235 136 250
121 103 184 118
409 139 472 154
33 241 96 256
117 255 148 270
161 99 224 114
433 191 496 206
169 151 232 166
417 153 480 168
77 239 108 254
57 225 120 240
173 81 188 208
469 231 500 246
21 265 52 280
469 245 500 260
49 137 176 168
425 127 456 142
453 193 484 208
41 269 72 284
445 145 476 160
25 207 56 222
177 93 208 108
449 155 480 170
429 103 460 118
185 259 216 274
17 159 80 174
65 219 128 234
141 225 172 240
465 65 496 192
441 133 472 148
191 145 206 272
29 219 60 234
193 129 224 144
89 251 120 266
401 105 464 120
305 281 432 312
421 137 452 152
25 265 88 280
433 199 496 214
169 263 200 278
393 91 456 106
129 269 192 284
145 105 208 120
441 167 472 182
65 259 128 274
145 265 272 296
421 91 452 106
141 217 172 232
137 97 200 112
177 109 208 124
409 131 472 146
169 123 232 138
97 241 160 256
17 235 80 250
169 145 232 160
437 125 468 140
13 217 44 232
459 129 474 256
457 169 488 184
73 267 136 282
141 267 172 282
181 151 212 166
425 99 488 114
161 103 192 118
161 189 288 220
25 251 88 266
177 137 208 152
177 203 208 218
177 209 208 224
93 219 124 234
105 251 136 266
153 157 216 172
145 111 208 126
129 227 192 242
153 247 216 262
477 161 492 288
425 97 456 112
169 129 232 144
53 265 84 280
1 265 64 280
393 77 456 92
49 253 112 268
183 193 198 320
49 103 112 118
105 241 136 256
97 231 160 246
177 131 208 146
157 265 188 280
433 65 448 192
177 121 208 136
433 217 496 232
201 97 216 224
469 199 500 214
171 209 186 336
453 161 484 176
129 1 384 64
289 97 416 128
135 209 150 336
165 209 196 224
161 117 224 132
321 181 448 212
57 249 88 264
449 185 480 200
173 99 204 114
437 153 468 168
97 103 160 118
425 105 488 120
145 151 208 166
121 219 152 234
113 253 176 268
433 117 464 132
409 171 472 186
169 205 232 220
465 189 496 204
421 117 452 132
129 209 192 224
417 147 480 162
177 115 208 130
433 205 496 220
433 1 496 16
393 85 456 100
25 271 88 286
125 265 156 280
9 135 72 150
425 239 488 254
393 159 456 174
181 65 196 192
369 41 496 72
193 135 224 150
129 209 144 336
433 109 464 124
433 117 496 132
447 97 462 224
57 17 88 144
33 213 64 228
129 225 384 288
1 209 64 224
17 151 80 166
181 145 212 160
65 193 192 224
25 209 88 224
101 209 116 336
433 211 496 226
405 1 436 256
181 215 212 230
49 161 176 192
165 249 196 264
1 281 500 344
33 259 96 274
17 229 80 244
125 249 156 264
417 79 480 94
69 209 84 336
153 229 216 244
433 135 496 150
97 271 160 286
417 91 480 106
273 185 400 216
461 179 492 194
193 143 256 158
65 125 192 156
453 113 468 240
209 81 272 208
129 241 192 256
177 217 240 232
321 205 448 236
393 165 456 180
169 199 232 214
1 249 64 264
49 93 112 108
177 259 240 274
177 193 192 320
107 209 122 336
289 225 416 256
65 213 128 228
129 159 192 174
129 233 192 248
93 209 108 336
377 129 440 144
25 141 88 156
425 245 488 260
161 93 224 108
49 141 112 156
57 155 120 170
145 259 208 274
433 229 496 244
173 145 188 272
225 25 352 56
305 329 432 360
161 217 192 232
369 141 432 156
137 91 200 106
89 155 152 170
73 101 136 116
369 69 496 100
61 209 76 336
115 209 130 336
39 193 54 320
85 209 100 336
113 277 240 308
27 145 42 272
193 97 208 224
167 65 182 192
187 65 202 192
185 113 200 240
141 209 156 336
17 61 144 92
49 1 80 256
119 65 134 192
1 281 256 344
35 145 50 272
483 177 498 304
93 257 124 384
45 193 60 320
241 77 368 108
165 209 180 336
101 81 116 208
113 65 128 192
209 13 336 44
107 81 122 208
79 209 94 336
127 65 142 192
273 329 400 392
345 81 376 208
1 17 500 80
273 173 400 204
241 65 368 96
131 145 146 272
289 265 416 296
369 353 496 384
135 81 150 208
55 145 70 272
141 81 156 208
33 193 48 320
95 65 110 192
43 145 58 272
153 65 168 192
77 145 92 272
147 65 162 192
69 65 84 192
85 65 100 192
241 93 368 124
289 245 416 276
69 161 84 288
425 97 440 224
97 161 112 288
17 113 144 144
257 117 384 148
305 293 432 324
121 209 136 336
121 145 136 272
433 113 448 240
159 65 174 192
105 161 120 288
225 45 352 76
461 177 476 304
83 161 98 288
27 193 42 320
161 57 288 88
53 193 68 320
79 65 94 192
63 65 78 192
177 241 192 368
159 241 174 368
21 145 36 272
145 161 160 288
149 241 164 368
201 193 216 320
189 193 204 320
471 193 486 320
163 161 178 288
447 145 462 272
441 129 456 256
111 161 126 288
469 33 500 288
173 33 188 160
25 33 56 288
305 317 432 348
273 213 400 244
369 317 496 348
453 161 468 288
193 1 320 32
305 305 432 336
57 81 72 208
89 161 104 288
117 113 148 240
369 57 496 88
63 145 78 272
225 289 480 352
485 257 500 384
337 1 368 256
273 201 400 232
203 145 218 272
137 161 152 288
305 161 432 192
349 65 380 320
445 33 460 160
313 1 344 256
373 1 404 256
69 257 100 384
427 49 442 176
369 341 496 372
161 277 288 308
49 81 64 208
49 145 64 272
325 1 356 256
473 113 488 240
1 305 500 368
481 113 496 240
195 209 210 336
125 17 140 144
105 33 120 160
117 17 132 144
33 241 48 368
453 65 468 192
151 193 166 320
477 209 492 336
439 33 454 160
157 161 172 288
21 193 36 320
165 17 180 144
141 17 156 144
419 81 434 208
111 17 126 144
135 17 150 144
55 241 70 368
153 17 168 144
91 17 106 144
99 17 114 144
183 241 198 368
73 17 88 144
41 241 56 368
37 97 52 224
47 241 62 368
23 97 38 224
49 297 176 360
201 65 232 320
13 33 44 288
369 97 400 352
417 129 448 384
419 125 434 140
469 169 484 184
135 271 150 286
79 259 94 274
437 143 452 158
467 163 482 178
119 267 134 282
119 219 134 234
179 223 194 238
475 183 490 198
473 177 488 192
429 155 444 170
189 119 204 134
193 151 208 166
457 179 472 194
95 103 110 118
433 119 448 134
433 167 448 182
93 241 108 256
441 103 456 118
139 251 154 266
27 263 42 278
71 251 86 266
21 217 36 232
55 215 70 230
479 191 494 206
199 111 214 126
201 145 216 160
447 119 462 134
149 253 164 268
145 217 160 232
431 161 446 176
189 247 204 262
65 219 80 234
33 265 48 280
129 267 144 282
113 103 128 118
93 233 108 248
49 269 64 284
101 241 116 256
183 217 198 232
73 267 88 282
91 225 106 240
45 217 60 232
111 241 126 256
443 109 458 124
103 103 118 118
23 133 38 148
481 199 496 214
427 75 442 90
437 97 452 112
27 205 42 220
187 259 202 274
63 263 78 278
167 211 182 226
451 127 466 142
93 249 108 264
107 233 122 248
103 225 118 240
41 267 56 282
181 207 196 222
111 225 126 240
43 151 58 166
33 219 48 234
179 135 194 150
173 99 188 114
157 219 172 234
117 251 132 266
185 131 200 146
83 251 98 266
101 249 116 264
81 241 96 256
455 185 470 200
181 77 196 92
33 139 48 154
191 139 206 154
55 267 70 282
203 151 218 166
189 125 204 140
53 221 68 236
177 249 192 264
449 207 464 222
119 241 134 256
23 147 38 162
153 269 168 284
177 149 192 164
93 219 108 234
135 221 150 236
139 259 154 274
167 103 182 118
29 211 44 226
463 155 478 170
421 137 436 152
33 151 48 166
139 265 154 280
97 225 112 240
181 201 196 216
99 219 114 234
175 111 190 126
427 117 442 132
171 265 186 280
179 129 194 144
177 121 192 136
161 267 176 282
173 105 188 120
181 261 196 276
195 145 210 160
435 91 450 106
39 213 54 228
187 149 202 164
147 269 162 284
173 211 188 226
171 219 186 234
185 137 200 152
107 219 122 234
111 249 126 264
185 143 200 158
177 217 192 232
163 217 178 232
27 217 42 232
337 97 368 352
329 1 360 128
361 1 392 256
381 129 412 384
193 73 320 136
301 1 332 256
257 321 500 384
405 97 436 352
257 265 384 328
1 329 500 392
189 1 220 256
193 233 320 296
225 233 480 296
37 1 68 256
1 209 32 336
1 129 32 384
393 1 424 256
1 33 256 96
289 1 320 256
401 129 432 256
145 289 272 352
325 97 356 352
209 65 240 192
1 33 32 288
357 1 388 128
441 241 472 368
193 257 320 320
241 209 368 272
257 1 288 256
1 305 128 368
393 97 424 352
313 97 344 352
277 1 308 256
213 65 244 320
225 169 352 232
161 313 416 376
301 97 332 352
245 1 276 256
257 297 384 360
225 97 256 352
281 129 312 384
257 97 288 352
237 129 268 384
225 1 256 256
193 49 320 112
241 233 368 296
269 129 300 384
1 305 256 368
161 1 288 64
33 1 288 64
193 17 256 144
81 321 208 384
65 329 320 392
225 329 352 392
65 1 192 64
33 337 160 400
129 321 256 384
193 297 320 360
177 337 304 400
113 9 240 72
161 337 416 400
17 1 144 64
241 49 304 176
201 257 264 384
201 209 264 336
273 209 336 336
233 209 296 336
233 145 296 272
241 273 304 400
297 257 360 384
273 257 336 384
257 113 320 240
265 161 328 288
233 97 296 224
